 M1 = 100; 
 K1 = 50; 
 B = 50;
 M2=10;
 K12=10;