 M1 = 100; 
 K1 = 50; 
 B = 50;
 M2=40;
 K12=4500;