 M1 = 100; 
 K1 = 50; 
 B = 50;
 M2=5;
 K12=5000;
 F=100;